Reading 1
F1: -2.04661
D1: 0.16435

F2: -3.06931
D2: 0.164315

Reading 2
F1: -2.0457
D1: 0.164339

F2: -3.06781
D2: 0.1643

Reading 3
F1: -2.03733
D1: 0.164332

F2: -3.0551
D2: 0.164288

