Reading 1
F1: -2.36631
D1: 0.142416

F2: -3.34861
D2: 0.142331

Reading 2
F1: -2.63278
D1: 0.137239

F2: -3.73872
D2: 0.136603

Reading 3
F1: -1.66532
D1: 0.104702

F2: -2.59824
D2: 0.101619

